1338
1319
1338
1762
835
1816
1038
1319
1319
1319
1636
1200
1636
1338
1319
1319
1319
1999
1319
1338
1338
1319
1319
1319
1319
1319
1319
835
684
835
1338
1319
1200
1762
1319
1200
1200
1319
1338
1338
1338
1762
1338
1200
1742
1319
835
835
835
1762
1338
1338
1338
1338
1338
1338
1319
1742
1713
1459
1200
1742
1319
1338
1338
1875
1338
1338
1319
1742
2059
2059
1319
2059
2059
2059
2059
2059
1338
2059
2059
2059
1338
2059
1338
1338
1338
1398
1338
1200
1338
1338
1338
1338
2059
1338
1338
1338
1338
1570
1338
1338
1338
1200
1338
1338
1459
1742
2059
2059
2059
2059
1338
2059
1338
1742
1338
1338
1742
2059
1338
1338
1338
2059
1338
1338
1338
1338
1338
1762
2059
1338
2059
2059
2059
1851
2059
2059
2059
1338
2059
1338
1586
2059
2059
2059
2059
2059
2059
1338
1338
1319
1338
1338
1338
1319
2059
2059
2059
2059
2059
2059
2059
2059
2059
2059
2059
2059
2059
684
2059
1762
1311
1338
1277
1338
1338
1338
2059
1277
2059
2059
1713
1338
2059
1338
1338
1338
1570
1277
1338
1338
1338
1277
1338
1338
1338
1277
2059
2059
2059
1319
2059
684
1762
2059
684
1338
684
1742
684
1319
1748
684
684
2059
2059
2059
2059
2059
2059
2059
2059
2059
2059
1742
1742
2059
2059
2059
2059
2059
1875
1338
684
684
969
1570
2059
2059
1338
1200
2059
1319
2059
2059
1695
1338
2059
2059
684
2059
1570
2059
2059
1338
2059
2059
2059
1319
2059
969
1307
684
1742
1307
1319
1570
1875
2059
1307
2059
2059
2059
1570
2059
1307
2059
1762
1307
2059
1307
684
2059
2059
2059
2059
969
969
1200
2059
2059
684
1730
1319
684
1730
1200
684
2059
2059
2059
2059
1730
1338
684
2059
1570
2059
1319
1875
1627
1762
2059
2059
2059
2059
1570
684
1730
1730
2059
2059
1730
1706
1730
1730
1695
1730
1730
1730
1762
1730
1730
1570
1200
1730
1730
1462
1730
1570
1762
1968
1319
2059
1762
1730
1200
1200
1200
2059
1570
1730
1730
2059
1807
684
684
1807
1742
1742
1459
1570
1570
1875
1875
1570
1570
684
1200
1570
1319
1200
1570
1038
2059
1570
1200
1319
1038
2059
1319
684
1570
1742
1742
684
1200
1570
1570
1200
1570
1570
1570
684
1636
1570
1875
1319
1875
1570
1875
1762
1570
1319
1570
1570
1875
1570
2059
2059
684
1570
1742
1742
1570
684
2059
684
1742
2059
1570
1742
1621
1570
1570
1762
2059
1570
1459
2059
1570
1570
684
2059
684
1570
1742
2059
1570
684
1742
1570
684
2059
1742
2059
1570
1710
1586
2059
2059
684
1570
684
1570
1570
2059
1570
2059
684
684
1570
2059
1570
1570
1570
1570
1762
2059
1319
2059
2059
2059
2059
1585
1636
2059
1762
2059
1627
1319
1636
1200
1200
1200
2059
2059
1200
2059
1319
1742
2059
1875
1319
1636
2059
1742
1200
1200
1636
1636
1636
1742
1742
1762
1636
2059
1319
2059
1636
2059
1319
1636
2059
2059
1606
1742
1636
1742
1934
2059
2059
1875
1636
1319
1319
1612
2059
1742
1742
1636
1537
1875
2059
1742
1742
1319
2059
2059
2059
2059
1319
1709
1581
1319
1875
1200
1200
1875
1319
1319
1319
1581
1319
1319
1200
1319
1875
2059
1319
2059
2059
2059
1200
1581
1356
1887
1875
2059
1200
2059
1887
1807
2059
1887
1729
2059
1887
1200
2059
1887
2059
2059
2059
1636
2059
2059
1319
1875
2059
1783
2003
2059
1970
2059
1970
1970
1970
1970
1200
1319
1887
1887
1762
1742
1636
1200
1319
1636
2059
1636
1200
2059
1200
1887
1319
1887
1875
2059
1742
1807
2059
1887
1887
1742
2059
2059
2059
2059
1875
2059
1636
1581
1636
1742
1319
1319
2059
2059
1742
1742
1200
1742
1200
2059
1319
2059
1742
2059
1200
1875
1742
2059
1319
2059
1520
2059
1840
1200
1742
1319
1742
1319
1875
1200
1742
1319
1200
1742
1373
1742
1200
1742
1319
1319
1875
1742
2003
1200
1319
1319
1742
1742
2059
1319
1742
2059
1319
2059
2059
1840
1875
1742
1742
2059
1863
1319
2059
1319
1200
1513
1606
1200
2059
1319
1513
2059
1319
1747
1319
1234
1200
1319
2059
1742
2059
1742
2059
1807
2059
1742
2059
1319
1742
1319
2059
1319
1742
1200
1742
1875
1875
1319
1606
1319
2223
1319
1319
1520
1319
1636
1855
1319
1319
1200
1458
1747
1951
1458
1875
1700
1875
1319
1747
1747
2059
1319
2059
1319
1907
1319
2059
2059
1200
2059
2059
2059
2059
2059
2223
2059
1319
2059
1875
1667
2059
1319
1319
1319
2223
1319
971
1200
1319
1319
2223
1319
1319
1319
1319
1807
1254
1200
1846
1319
2223
2023
1408
1875
1875
1319
2023
1604
2223
1784
1319
1742
1742
1319
1742
1459
1840
1991
1319
1636
1742
1319
1742
1875
1742
1742
1742
1943
1742
1742
1319
2102
1319
1875
1742
1319
1875
1855
1319
1742
1742
1319
1773
1742
2241
1773
1875
1319
1742
1747
1747
1742
1319
1200
1319
1742
1742
1855
1875
1742
1416
1742
1875
990
1319
1807
1670
1999
1319
1875
1319
1319
1742
1742
1742
1319
1319
1319
1200
1200
1200
1762
1875
1319
1606
1200
1742
1319
1762
1907
1762
1319
1319
1742
1742
1319
1919
1742
1875
1319
1319
1919
1319
1875
1200
1200
1319
1319
1200
1319
1742
1569
1875
1319
2241
1695
1319
1319
1319
1319
1319
1319
1855
1319
1319
1319
1319
1999
1319
1875
1319
1319
1319
1319
1742
1715
1742
1855
1855
1319
1319
1875
1762
1319
1061
1397
1397
1319
1397
1319
1742
1319
1319
1319
1742
1875
1200
1200
1200
1200
1572
1742
1319
1319
1319
1254
1319
1458
1319
1742
1319
1200
1319
1762
1200
1566
1762
1742
1586
1319
1742
1907
1742
1757
1669
1742
1742
1742
1968
1742
1586
1742
1875
1319
1875
1319
1999
2241
1875
1319
1319
1762
1319
1762
1319
1736
1762
1319
1319
1762
1742
1875
1319
1612
1108
1742
1742
1762
1200
1319
1200
1200
1200
1200
1200
1742
1742
1762
1319
1762
1319
1840
1840
1319
1696
1757
1319
1762
1762
1200
1742
1319
1200
1762
1319
1762
1742
1513
1742
1742
1319
1319
1742
1907
1200
1919
1742
1319
1742
1200
1200
1319
1319
1319
1762
1742
1319
1762
1319
969
1319
1655
1200
1742
1319
1200
1742
1319
2241
2241
1319
1319
1200
1200
1200
1757
1319
1319
1742
1319
1855
1319
1319
1319
1379
1757
1805
1673
1742
1319
1200
1319
1319
2099
1757
1319
1319
1319
1319
1583
1855
1200
1200
1319
2241
1805
1948
1759
1319
1742
1742
1568
1319
1200
1200
1875
1319
2241
1742
1319
1200
1319
1234
1855
1742
1715
1993
1742
1848
969
1612
2061
1319
2061
1742
969
969
1362
1200
1319
1730
1730
1730
1730
1655
1200
1200
1200
1319
1319
1742
1319
1704
1731
1362
1254
1362
1875
1362
1319
1919
1762
1742
1855
1319
1655
1200
969
1875
969
1319
1200
1742
1319
1855
1742
1200
1200
1319
1200
1200
1742
1586
1462
1200
1200
1200
1319
1855
1855
969
2061
1200
969
969
1319
824
1596
969
1704
1855
1742
1200
1398
1704
969
1200
969
1762
1840
2474
1200
969
1807
1762
1319
1805
1742
1319
1840
2474
2474
2474
2474
1398
1460
1319
1762
1875
1875
1842
1319
1805
1319
1762
1319
1703
1762
1762
1526
1200
1319
1805
1742
1319
1762
1526
1596
1526
1200
1805
1703
1586
1526
1319
1526
1807
1526
1526
1200
1200
1807
1742
1742
1742
1200
1319
1513
1804
1319
1742
1742
1807
1513
1875
1319
1200
1762
1513
1319
1703
1762
1807
1513
1762
1875
1703
1200
1695
1319
1762
1805
1759
1319
1513
1579
1319
1655
1319
1210
1807
1513
1742
1200
1762
1742
1655
1762
1762
1762
1655
1513
1762
1762
1655
1375
1513
1703
1762
1200
1319
1742
1319
1319
1742
1742
1742
1596
1873
1513
1200
1319
1636
1319
1500
1513
1742
1807
1375
1655
1736
1200
1200
1513
1319
1200
1655
1319
1200
1370
1319
1742
1807
1875
1200
1513
1370
1200
1398
1200
1762
1762
1200
1319
1762
1513
1612
1742
1875
1500
1319
1200
1513
1319
1520
1513
1200
2241
1513
1200
1513
1513
1534
2241
1513
1655
1200
1742
1398
1200
1807
1513
1200
1655
1200
1742
1742
1200
1742
1513
1200
1985
1646
1500
1513
1636
1398
1875
1747
1200
1200
1636
1200
1948
1200
1742
1500
1200
1788
1200
1398
1754
1754
1200
1655
1498
1742
1742
1814
1398
1875
1696
1998
1586
1200
1875
1875
1200
1497
1500
1655
1200
1703
1200
1406
1742
2241
1975
1975
1975
1975
1975
1975
1975
1975
1406
1497
1200
2200
1406
1011
1200
1742
1757
1655
1200
1200
1200
1742
1200
1500
1200
2241
1743
1200
1975
1975
1975
1200
1975
1805
1377
1975
1655
1200
1398
2241
1500
1200
1742
1855
1500
1200
1200
1686
1500
1200
1485
1975
1975
1747
1200
1762
1636
1500
1319
1200
1200
1762
1883
1200
1500
1200
1742
1606
1606
969
1200
1185
1200
1500
969
1757
1392
1686
1500
1757
969
1500
1742
1742
1185
1200
1742
1398
1948
1319
1200
1200
1742
1742
1200
1200
1200
1742
1134
1742
1200
1948
1200
1742
1319
1449
969
969
1742
969
1747
969
1855
1742
1747
1200
1200
1200
1695
1742
2183
1200
1200
1200
1200
1742
1200
1200
1200
1200
1200
1736
1200
1200
1200
969
1200
1200
1855
1200
1742
1194
1200
969
1398
1200
1742
1742
1429
1848
1319
1742
1743
1606
1742
1520
1200
1200
1200
1200
1319
1319
1700
1398
1200
1398
1200
1200
1617
990
1319
1200
1807
1742
1018
1742
1200
1742
1200
1742
1200
1762
1319
1200
2241
1400
1319
1807
1848
1742
1596
1319
1398
1807
1398
1929
1200
2094
1400
1398
1330
1762
1855
1762
1200
1400
1400
1400
1200
1781
1200
1742
1319
1606
1200
1772
1762
1200
1762
1606
1762
1200
1200
1200
1742
1200
1200
1200
1742
1807
1617
1710
1520
824
1606
1772
1200
1772
1742
1546
1200
1200
824
1200
1200
1450
1200
1742
1742
1772
1200
1813
1951
1450
1450
1742
1742
1510
1759
1759
1759
1759
2353
1772
1742
1710
1710
2241
1710
1497
1710
2241
1710
1710
1742
1772
1873
1742
1200
1846
1497
1319
1581
1742
1336
1710
1710
1681
1772
1200
1807
1200
1703
1061
1061
1061
1200
1707
1738
1061
1738
1846
1061
1200
1061
1929
1319
1319
1061
1742
1929
1807
1710
1636
1553
1061
1710
1200
1710
1324
1742
1061
1200
1200
1929
1572
1662
1710
1742
1742
2241
1623
1408
2196
824
1618
1324
1200
1200
1200
1846
1392
1553
1742
1319
1742
1200
1742
1200
1200
1948
1742
1817
1710
1200
1200
1319
1200
1572
1742
1586
1513
1742
1742
1586
1775
824
1513
1200
1775
1606
1390
1336
1200
1710
997
1200
1985
1586
1200
1200
1742
824
1515
1967
1967
1686
1200
1200
1742
1742
824
1703
1513
824
824
1781
1200
824
1200
824
1200
1200
1742
1200
1200
1200
1200
1200
1694
1525
1422
1496
1832
1200
1200
1759
1838
1200
2018
1742
1742
1200
1498
1420
1498
1420
1496
1200
1569
2018
1246
891
2038
1200
1520
1200
1319
2353
1200
1116
1200
1200
1200
1807
1807
1200
1200
1200
1596
1200
1200
1742
1200
1319
1636
1111
1200
1200
1200
1200
1752
1200
1200
1747
1600
1773
1420
1420
2018
1200
1586
1669
1669
1244
1319
1111
1513
1513
1200
1789
2018
1669
1200
1807
1200
1636
1615
1586
1496
1762
1762
1762
1762
1200
1064
1200
1200
1807
1572
1586
1586
1111
1111
1510
1111
1319
2241
1200
1951
1200
1200
1742
1742
1566
1566
1693
1615
1606
1338
1380
1747
1615
1775
2241
1775
1742
1747
1319
1742
1615
1615
1200
1523
1757
1615
1817
1200
1200
1200
1615
1615
1615
1200
1742
1747
1742
1200
1200
1200
1742
1319
1200
1738
1742
1572
1200
1200
1559
1559
1559
1200
1410
1460
1200
1747
1663
1200
1775
1742
1553
1134
1969
1200
1381
1390
1200
2241
1319
1200
1476
1566
1200
1200
1572
1200
1200
1134
1566
1566
1807
1710
1200
2028
1572
1200
1200
1572
1200
1390
1344
1817
1742
1820
1572
1807
1200
2241
1817
1600
1817
1752
1781
1742
1200
1857
1319
1134
1742
1134
1390
1723
1807
1572
1817
1382
1742
1200
2241
1784
1289
1200
1420
1420
2474
1200
1200
1200
1420
1200
1487
1572
1200
1784
1747
1857
1200
1200
1807
1742
1784
1200
1723
1572
1742
1742
1200
1200
1723
1742
1742
1742
1572
1390
1200
1636
1200
1747
1807
1747
1500
1200
1723
1623
1520
1200
1951
1390
1200
1742
1390
1623
1820
1742
1347
1586
1245
1347
1636
1596
1807
1807
1500
1200
1742
1200
1572
1319
1500
1496
1200
1200
1200
1742
1841
1200
1200
1200
1572
1817
1807
2018
1200
1200
1742
1873
1873
1818
1873
1572
1985
1500
1572
1324
1200
1200
1817
1817
1200
1572
2241
1200
1704
1572
1200
1200
1520
1319
1200
1200
1200
1200
1520
1496
1200
1200
1586
1200
1572
1572
1390
1572
1200
1807
1200
1200
1657
1657
1200
1807
1742
1742
1572
1572
1319
1381
1704
937
1957
1200
1200
1200
1818
1775
1200
1200
1572
1496
1200
1200
1572
1742
1807
1807
1200
1200
1807
1200
1200
1496
1149
1200
1200
1742
1087
1757
1200
1324
1200
1200
1586
1200
1319
1820
1200
1200
1200
2241
1319
1200
1200
1510
1807
1807
1818
1390
1857
1610
1553
1948
1743
1200
1200
1543
1709
1742
1200
1929
1319
1742
1241
1948
1200
1200
1200
1200
1200
1704
1200
1324
1985
1784
1200
1495
1200
1485
1820
1857
1742
1200
1606
1385
1385
1742
1390
1324
1664
1200
1807
1807
1324
2241
1200
1200
1586
2241
1520
1200
1500
1319
1200
1200
1200
1200
1519
1324
1200
1200
1324
1600
1200
1793
1324
1835
1324
1200
1200
1200
1200
1200
1200
1200
1709
1319
1200
1200
1520
1742
1200
1200
1200
1807
1200
1200
1200
1200
1200
1807
1948
1324
1324
1700
1200
1569
1200
1319
1553
1385
1324
1200
1200
1807
1200
1807
1985
1519
1200
1200
1742
1385
1385
1385
1200
1200
1390
1319
1200
1743
1200
2018
1200
1686
1200
1200
1553
1700
1849
1390
1200
1200
2241
1390
1200
1742
1200
1519
1200
1704
1264
1200
1377
1200
1200
1200
1200
1793
2018
2114
2018
1319
1807
2018
1200
1586
1742
1793
2018
1200
1807
1200
1742
1200
1200
1742
1742
1586
1200
1319
1188
1553
2018
1200
1200
1200
1200
1200
1742
1200
1553
1200
1200
1200
1200
1200
1742
1200
1319
1200
1600
1804
1200
1982
1200
1496
1200
1200
1742
1200
1600
1200
1200
1468
1898
1807
1200
1742
1200
1319
1200
1742
1200
2002
1200
1525
1200
1200
1200
1200
1967
1319
1883
1747
2241
1200
1200
1807
1385
1385
1385
1385
1807
1200
2353
1154
1580
1200
1807
1807
1807
1200
1200
1700
2241
1790
1200
1807
1466
1200
1851
1200
1200
1200
1807
1200
1735
1757
1200
1448
1200
1448
1548
1541
1496
1742
1200
1200
1742
1200
1700
2624
1200
1807
1807
1807
2241
1785
1985
1742
2241
1807
1319
1664
2009
1366
1227
1200
1200
1227
1700
1319
1200
1200
1670
1200
1319
1781
1700
1269
1200
1742
2241
1319
1700
1200
1807
1200
1775
1200
1807
1200
1700
1200
1200
2241
1200
1775
1700
1700
1200
2205
1200
1200
1200
1319
1715
1200
1200
1200
1200
1200
1807
1700
1200
1200
1200
1200
1200
1200
1200
1742
1200
1511
1111
1200
1200
1200
1775
1784
1200
1200
1200
1200
1784
1200
1742
1200
1200
1269
1200
1757
1200
1200
1757
1200
1200
1200
1664
2183
1200
1742
1200
1200
1573
1500
1520
1200
1200
1496
1985
1804
1200
2241
1807
1200
1200
1600
1200
1200
1200
1200
1500
1790
1319
1496
1500
1742
2063
1742
1200
1400
1751
1385
1200
1790
1200
1200
1447
1790
1775
1400
1200
1704
1747
1200
1501
1548
2100
1200
1775
1200
1775
1224
1775
1807
1752
1200
1742
1466
1200
1804
1857
1200
1553
1200
1200
1775
1200
1200
1200
1742
1742
1447
1985
1781
1319
1742
1807
1319
1366
1742
2241
1385
1807
1200
1200
1525
1623
1200
1200
1385
1200
1807
1742
1807
1807
1200
1636
1775
1200
1742
1742
1775
1775
1807
1200
1319
1807
1200
1200
1807
1200
1623
1623
1487
1447
1200
1548
1572
1200
1742
1807
1775
1807
1778
1670
1200
1200
1775
1586
1476
1385
1385
1420
1200
1447
1420
2241
1548
1742
1525
1807
1998
1807
1200
1775
2241
1742
1775
1200
1742
1200
1835
2241
1319
1807
2006
1807
1807
1200
1200
1775
1807
1200
1200
1775
1385
1775
1670
1807
1385
1385
1200
1200
1200
2273
1742
1200
1742
1807
1200
1807
1200
1200
1281
1200
1742
1200
1807
1807
1793
1951
1525
1200
1447
1385
1385
1385
1629
1708
1200
1200
1985
1385
1385
1596
2000
1400
1775
1200
1447
1807
1425
1742
1742
1200
2389
2389
1225
1604
1636
1200
1673
1835
1742
1319
1200
1951
1525
1476
1742
1200
1657
1657
1775
1775
1775
1385
1385
1385
1385
1807
1657
1200
2241
1319
1788
1742
2389
2389
1846
1200
1385
1385
1385
1385
1385
1385
1385
1385
1385
1385
1447
1808
1200
1775
2389
1775
1200
1200
2241
1804
1200
1319
1951
1999
1807
1807
1742
1200
1648
1633
1742
1846
1200
1496
2241
1898
1200
1496
1775
1999
1496
1742
1979
1200
1200
1200
1200
1200
1200
1319
1846
1835
1586
1638
1200
1200
2241
1319
1742
1200
1466
2094
1224
1225
1846
2241
1200
1784
1200
1225
1070
2241
1496
1200
1319
1200
2241
1200
1742
1742
1742
1200
1200
1846
1747
1200
1200
2188
1200
1200
1518
1803
1200
1586
1224
1664
1200
1200
1807
2241
1200
1200
1439
1496
1319
1963
1200
1200
1496
1200
1311
1804
1454
1224
1200
1496
2188
1200
1496
1951
1951
1319
2241
1200
1200
1835
1200
1200
1149
1200
1742
1804
1496
1200
1496
1742
1586
1200
1496
1496
1224
1742
1200
1804
1518
1200
1200
1742
1200
1200
1319
1466
1224
1835
1200
1200
1775
1742
1466
1200
1200
1200
1149
1747
1200
1200
1200
1200
1518
1775
1200
1860
1627
1200
1709
1709
1709
1200
1200
1709
1200
1627
1200
1200
1636
1200
1200
1200
1861
1775
1200
1466
1281
1518
1200
1586
1200
1200
1200
1200
1775
1775
1496
1200
1747
1775
1200
1835
1200
1738
1200
1496
1200
1775
2009
1200
1200
1200
1518
1496
1200
1200
1985
1496
1496
1200
1835
1200
1804
1200
1200
1835
1968
1968
1200
1200
1518
1600
1835
1496
1742
2353
1496
1200
1200
2273
1200
1835
1804
1496
1200
1200
1200
1200
1200
1747
1496
1744
1496
1742
1738
1200
1200
1518
1200
1200
1496
1775
1835
1747
1200
1951
1496
1496
1804
1319
1742
1742
1600
1835
1818
1803
1747
1720
1200
1200
1952
1205
1496
1200
1804
1200
1319
1985
1775
1838
1775
1200
1200
1600
1200
1951
1775
1604
1985
1200
1200
1200
1200
1200
1200
1985
1742
1319
1200
1775
1496
1200
1200
1200
1200
1473
1985
1952
1200
1738
1738
2241
1518
1586
992
1781
1873
1200
1985
1985
1496
1200
1496
2273
1775
1518
1200
1873
1496
1496
1200
887
1200
2094
1245
1245
1788
2273
1200
1200
1200
1929
1200
2241
1496
2094
1200
1742
1704
1766
1520
1466
1200
1939
1636
1939
1200
1200
2241
1939
1496
1200
1200
1887
1200
1496
992
1985
1200
1775
1200
1200
1670
2094
1648
1642
1775
1319
1200
1200
1200
1747
1686
1200
1200
1951
1936
1534
1200
1775
2389
2006
1775
1775
1200
1200
1200
1200
1704
1887
1200
2241
1200
1200
1200
1200
1993
1747
1887
1775
1200
1319
1200
1887
1200
1200
1951
1747
1747
1747
1200
1200
1887
1499
1398
1200
1887
1200
1200
1887
1200
1200
1775
1200
1200
2273
1200
1200
1200
1200
1200
1200
1887
1887
1439
1200
1524
1200
1887
1200
1200
1319
1709
1200
1200
1841
1887
1766
1887
1887
1548
1742
1466
1500
1200
1775
1887
1200
1887
1781
1574
2241
1200
1200
1200
1993
2389
1742
1993
2241
1887
1775
1775
1200
1200
1318
1200
1887
1200
1200
1200
1200
1775
1200
1200
1382
1775
1200
1775
1775
1200
1775
1887
1742
1319
1200
1775
1775
1887
1775
1775
2023
1200
1200
1747
1887
1548
1887
1200
1200
1775
1742
1200
1566
1775
1968
1574
1887
1968
1200
1747
2241
1200
1200
1200
1200
1200
1319
1200
1636
1200
1398
1887
1742
1887
1200
1200
1200
1200
1566
1200
1200
1200
1200
1200
1200
1200
1200
2273
1398
1200
1993
1200
1200
1775
1200
1720
1586
1574
1742
1319
1887
1993
1200
1993
2099
2099
1200
1200
1887
1747
1200
1200
1586
1775
1200
1200
1850
1200
1200
1200
1775
1887
1742
1200
1420
1200
1420
1200
1775
1586
1688
1200
1200
1200
1200
1319
1200
1200
1200
1838
1985
1775
1200
1596
1200
1887
1200
1200
1200
1200
1200
1200
1775
1200
1200
1100
1775
1775
1775
1775
1382
1200
1382
1200
1100
1775
1775
1537
1775
1742
1775
1775
1319
1887
1200
1775
1775
1200
1803
1845
1985
1775
1887
1939
1100
1398
1887
1200
1200
1200
1319
1382
1100
1200
1382
1742
1586
1200
1985
1650
1742
1455
800
1496
1200
1100
1855
2241
1200
1455
1939
1574
1200
1200
1200
1200
1200
1742
1200
1200
2205
1742
1319
1745
1300
1747
1200
1200
1200
1200
1485
1100
2170
1742
1742
1644
1742
1200
1200
1200
1200
1742
1200
1661
1319
1200
1855
1742
1737
1496
1586
1455
1742
1537
1200
1066
1066
1200
1200
1200
1455
1294
1319
1342
1636
1294
1745
1496
1200
1200
2000
1200
1855
1537
1200
1742
1820
1455
1496
1200
1200
1200
1200
1200
1586
1496
1200
1200
1742
1586
1496
1496
1742
1967
1704
1319
1200
2170
1496
1200
1200
1200
1738
1200
1742
1200
1539
1200
1200
1200
1200
1781
1100
1319
1200
1200
1200
1821
1636
1745
1738
1485
1742
1742
1200
1470
1821
1745
2170
2170
1200
1821
1473
1200
1200
1200
1200
1200
1200
1745
1200
1742
2170
2170
2170
1200
1319
1200
1661
1200
2170
1742
1742
1200
1742
1704
1200
1200
1200
2241
1200
1200
1200
1319
1629
1200
1200
1496
1636
1745
1200
1704
1200
1500
1200
1200
1200
1539
1200
1319
1148
2389
1803
2170
1200
1200
1400
1200
1738
1319
1821
1670
1485
1200
1664
1766
1200
1088
1629
1200
1200
1883
1100
1803
1200
1200
1463
1319
1745
1319
1200
1200
1200
1200
1742
1636
1200
1704
1258
1200
1877
1200
2099
1821
1200
1742
1476
1821
1207
1200
1319
1382
2170
1664
1200
1742
1742
2170
2170
1200
1319
1200
1200
1200
1382
1382
1200
1382
1676
2170
1100
1254
1676
1200
1200
1200
1952
1821
1952
2170
2170
2344
1200
1200
1742
1319
1634
1579
1808
1487
1951
1200
1377
1883
1200
1200
1200
1200
1200
1200
1200
1855
1742
1577
1200
1577
1200
1200
1319
1708
1200
1200
1200
1742
1855
1200
1200
1803
1200
1200
1742
1586
1747
1200
1200
1686
2241
1369
1200
1664
1704
1200
1200
1200
1200
1319
1951
1200
1883
1200
1742
1200
2099
1382
1319
1821
1574
1742
1200
1382
1200
1968
1736
1578
2170
2170
1586
1742
1747
1100
1307
1319
1200
1100
2004
1985
1742
1524
1524
1803
1382
1463
1319
1100
1742
1636
1200
1200
1803
1803
1200
1753
1753
1690
1838
1855
1700
2241
1664
1447
2170
1200
1200
1200
1447
1747
1747
1586
2170
1742
2241
1742
1636
1574
1842
1821
1811
2261
2261
1985
2170
932
932
2170
1803
1200
1200
1200
1200
1447
1200
1200
1200
1742
1788
1784
1319
1529
1200
1742
1447
1100
1499
1200
1088
1704
1447
1200
1547
1319
1614
1447
1821
1100
1985
1100
1633
2170
1584
1586
1586
1200
1200
1574
1200
1200
1088
1821
1855
1742
1676
1690
1200
1200
1200
1803
942
1319
1319
1803
1704
1742
1686
1319
1841
1841
1803
1669
1841
1841
982
2170
1319
1690
1733
1200
2170
2170
1803
1669
1200
2170
2170
1669
1200
1200
1200
1319
1200
1319
2038
1985
1742
1200
1586
1200
1200
1200
1200
1118
1742
1574
1200
1604
2205
1319
1200
1500
1200
1581
1200
1200
2170
2170
2170
2170
2170
1200
1803
1319
1118
2170
1954
1200
2170
1200
995
1808
1200
2170
2170
2170
1200
1264
1733
1264
1200
1670
1690
1200
1200
1200
1700
1200
1574
1690
1200
1747
1200
1808
1985
1954
1747
1664
1704
2170
1574
1200
1200
1200
1382
1200
1382
1382
1382
1200
1200
1200
1200
2170
2170
1487
1200
1200
1200
1200
1319
1118
1200
1200
1118
1200
1985
1200
1382
1319
1574
1200
1574
1319
1319
1636
2170
2170
1200
2170
1704
1382
1200
1574
2170
1574
1574
932
1636
1883
2170
2170
2170
2170
1200
1200
1200
1803
1485
1200
1985
1100
1742
1814
1985
1803
1200
2205
1200
1200
1742
1485
2170
2170
2170
2170
1627
1669
1636
2170
995
2099
2099
2170
2170
1200
995
1420
2170
2170
2170
2170
1200
995
1555
1573
2170
2170
2170
1200
1200
1803
1803
2170
2170
1661
1661
2170
1382
1954
1742
1985
1200
1636
932
2099
1586
1200
1985
1524
1200
1200
1985
1200
1200
1200
1585
2103
1200
1627
1579
1200
1803
1586
1200
1664
2241
2292
1200
1200
1217
1670
1578
1803
1586
1803
1200
1200
1200
1200
1382
1200
1803
995
2241
1742
1936
1803
1200
1803
1586
1664
1200
1382
1382
1200
1670
1200
1806
1475
1803
1803
1965
2241
846
1742
1200
1200
1936
1200
1200
1200
1788
1200
1670
846
1200
1524
1382
1382
1200
1627
1487
1636
1200
1200
1200
1382
1200
1200
1200
1200
1200
1200
1200
1200
1559
1803
1200
1200
1809
1200
1200
1586
1200
1200
1200
1300
1200
1742
1636
1200
2099
1200
1200
1200
1803
1803
1803
1803
1100
1670
1804
1708
1985
1200
1200
1200
1200
1200
1382
1200
1200
1470
1100
1200
1654
1929
1742
1200
1629
1200
1200
846
1200
1636
1200
1742
1742
1636
2288
1757
1100
1757
1282
1282
1400
1200
1965
1200
1877
1100
1708
1200
1200
1200
1200
1200
1747
1742
1365
1100
1742
1200
1200
1200
1200
1100
1200
1200
1200
1700
1200
2099
1820
1742
1708
1742
1200
1742
1200
1742
1636
1200
1200
1349
846
1200
1200
2079
1200
1200
1708
1586
1742
1686
1200
1742
1307
1745
1586
1788
1788
936
1200
1200
1742
1382
1745
1742
1200
1742
1820
846
1661
1708
1965
1965
1200
1200
1757
1742
1382
1200
1200
1200
1200
1929
1985
1985
1394
1200
1200
1100
1189
1200
1200
1742
1470
1235
2021
1742
1200
2344
2344
1592
1100
1592
1200
1586
1661
1200
1200
1742
1742
1985
1592
2000
1200
1100
1200
1100
1805
936
1742
1200
1742
1200
1200
1100
1200
1747
936
1803
1803
1803
1200
1200
1200
1200
1747
1586
1430
1430
1430
1200
1747
2000
1200
2241
1742
1200
1443
1443
2021
1200
1382
1382
1200
1200
1200
1200
2021
2021
2021
2021
2021
1200
1200
1985
1382
1382
1499
1394
1394
1499
1742
1200
1499
1499
1394
1382
1742
1200
1661
1382
1214
1686
1739
1200
1200
1200
1200
1200
1200
1200
1382
1200
1499
846
1200
1200
1200
1200
1200
1742
1756
1742
1742
1200
1585
1200
1200
1200
1596
2183
1586
1200
1585
1585
1382
1200
1382
1200
1456
1596
1200
1382
1382
1456
2183
1756
1200
1766
1200
1382
2000
1985
1200
1200
1200
1200
1200
1742
1200
1739
1200
1200
1200
1200
1200
1739
1189
1200
1200
1747
2099
1985
1382
2099
1200
1200
1200
1200
1200
1200
1661
1579
1200
1579
1661
1661
1200
1939
1200
1803
1200
1200
1394
1803
1200
1985
1200
1200
1200
1747
1200
1200
1939
1200
1200
1200
1342
1200
1793
1382
1200
1200
1661
1543
1939
1543
1200
1939
1349
1200
2344
2344
1200
1245
1747
1704
1382
1200
1200
1747
1200
1696
1550
1779
1583
2241
1382
1747
1245
1200
1100
1189
1583
1200
1200
1200
1200
1747
1200
1200
1200
1583
1200
1200
1200
1200
1200
1470
1578
1583
1579
1843
1200
1843
1255
1727
1583
1200
1516
1200
1944
1747
1200
1843
1843
1382
1843
1543
1200
1583
1843
1586
1586
1200
1543
2042
1200
1200
1669
1682
1669
1543
1200
1415
1200
1200
1200
1543
1200
1747
1543
1200
1307
1656
1382
1200
2205
1944
1200
1382
1382
1093
1723
1742
1669
1543
1382
1583
1409
1586
1543
1200
1187
1200
1161
1200
1492
1814
1200
1583
1543
1100
1409
1400
1200
1200
1200
1583
1200
2099
1382
1161
2099
1583
1200
1200
1100
1382
1382
1200
1944
1539
1382
1382
1161
1200
1382
1669
1747
1200
1200
1200
1382
1382
2241
2241
1756
891
1200
1100
1516
1738
1669
1161
1200
1200
1161
1161
1944
1200
1200
1944
2042
1100
1200
2446
1729
1093
1200
1200
1784
1784
1784
1784
1784
1784
1200
1873
1756
2241
1200
1200
1200
1729
1661
2241
1200
1784
1486
1200
1409
1200
1093
1200
1200
1539
2241
1200
1200
1596
1200
1200
1200
1200
1100
1200
1944
1669
1497
1200
1200
1409
2042
1516
1543
1682
1405
1756
1756
1883
1405
1405
1723
2042
1516
1100
1497
2241
1362
1516
1409
1200
1486
1486
1539
1294
1200
1294
1200
1669
1669
1669
1539
1539
1669
1669
1200
1931
1569
1200
1756
1200
1745
1805
1742
1200
1200
1805
1747
1200
1200
1944
1200
1200
1200
1200
1200
1200
1944
1200
1676
2241
1200
1200
1539
1409
1200
1200
1200
1700
1633
1200
1409
1200
1939
1661
1500
1814
1267
1670
1200
1200
1200
1400
2099
1200
1200
1200
1998
1670
1200
1200
1200
1670
1200
1154
1704
1643
1661
1747
1658
1658
1682
1200
1814
2099
1516
1200
1118
1406
1704
1610
1200
1747
1747
1200
2099
2099
2099
1118
1200
1200
1200
1814
1200
1747
1939
891
1118
2241
1200
1661
1118
1747
1118
2241
1661
1200
1200
2166
1200
1200
1200
1200
1200
2205
1200
1200
1200
1406
1742
1214
1200
1200
1362
1747
1945
1200
1200
1406
1200
1200
1747
1200
1200
1200
2241
1200
1200
1200
1200
1200
1200
1747
1682
1682
1200
1682
1682
1682
1200
1939
1818
1704
1200
1945
1200
1661
1945
1200
1200
1911
1118
1118
1516
1200
1141
1200
1118
1118
1118
1339
1200
1118
1200
1661
1747
1118
1200
1661
1929
1362
1931
1200
1267
1200
2344
1600
1200
1214
1586
1704
1088
1200
1118
1742
1200
1532
1307
1254
1747
1189
1294
1413
996
1508
1508
1362
1716
1682
1538
1520
2166
1371
1508
1747
1747
891
1088
1200
1200
1542
1200
2344
1200
1200
1200
1200
1586
1747
1945
1300
1998
1307
1200
1929
1470
1288
1200
1200
1508
1508
1200
1704
1200
1200
1669
1200
2166
1307
2241
1747
1371
2099
1676
1747
1747
1747
1200
1200
1200
1413
2241
1200
1676
2004
1200
1931
2004
1200
1931
1200
1704
2344
1200
1200
2344
1539
1200
1200
1200
1200
1200
1931
1200
1200
1200
1200
1539
1945
1929
1521
2099
1696
1747
1200
1200
1088
1088
1200
1200
1747
1747
1747
2344
1200
1256
2004
1814
1706
1934
1325
1200
1945
1578
1200
1200
1256
1200
1945
1256
1200
1200
1200
1200
2205
1200
1200
1200
1929
1200
1200
1189
2038
1307
1945
1931
1586
1278
1200
1686
1686
1873
1200
1747
1200
1200
1700
1307
1200
2241
1470
1200
1200
1200
1200
1200
1945
1620
1200
1092
1700
2241
1200
1200
1200
2446
1200
1742
1831
1838
1838
1838
1838
1586
1610
1931
1092
1682
1200
1200
1200
1200
1200
1200
1200
1200
1200
1200
1200
1200
2293
1200
1200
1667
1667
1200
1200
1200
1700
1200
1200
1610
1200
2300
2300
1747
1704
1508
1200
2205
1200
1200
1200
1200
1161
1686
1686
1704
1594
1747
1747
1189
1035
1929
1629
1658
1929
1945
1200
2166
1658
2002
1200
1200
1200
1658
1707
1508
1200
1508
1508
1500
1747
1945
1929
1200
1945
1594
1747
1820
1476
1200
1596
1409
1283
1747
1658
1200
1747
1747
1747
1409
1200
1747
1200
1445
1200
1200
1200
1200
1200
1200
1945
1594
1594
1594
1200
1945
1820
1445
1200
1720
2099
1594
1200
1200
2099
2099
1200
1200
1200
1747
1200
1200
1200
1200
1200
1658
1747
1200
1776
2099
1200
1200
1695
1200
1200
1929
1200
1200
1200
1629
1200
1820
1508
1200
1200
1200
1200
1200
1747
1200
1200
1200
1200
1200
1200
1929
1474
1200
1872
1581
1929
1200
1178
1747
1747
1200
1200
1200
1200
1200
1649
1579
1929
1200
1200
1409
1700
1294
2166
1704
2205
1577
1200
1200
1597
1820
1200
1200
1294
1200
1200
1200
1498
1200
1929
1820
2446
1200
1200
1703
2004
2205
1747
1747
1586
1131
1200
1200
1178
1508
1470
1633
1200
1820
1747
1409
1300
1661
1200
1358
1200
1200
1409
1437
2241
1577
2205
2344
1508
1200
1200
1200
1747
2344
1200
1200
1742
1088
1200
1742
1200
1077
1200
1508
1200
1508
1509
957
957
1820
1861
1768
957
957
957
957
1088
1742
1756
1200
1409
1750
1637
1200
957
1200
1088
1703
1088
1688
1200
1516
1747
1688
1200
1688
1409
1437
1747
1409
2166
1088
1747
1200
1200
2241
1929
1670
1820
1200
1486
2166
1747
1542
1200
1661
1200
2241
2053
1590
1661
1661
1200
1447
1200
1200
1524
1200
1766
1358
1661
1861
1200
2353
1747
1200
1703
1200
1200
1200
1508
1747
1747
1508
1508
1622
1200
1200
1200
1200
1317
1200
1200
1794
1454
2031
1508
1508
1282
1508
1200
1200
1700
1200
1508
1200
1437
1470
2166
1629
1592
1200
1577
1200
1200
1200
1200
1794
1200
1794
2166
1409
1200
1766
1200
2031
1412
1766
1200
1317
1200
1200
1747
1409
1670
1200
1747
1200
1200
1766
1677
1409
2205
1200
1200
1629
1200
1200
1766
1766
1200
1200
1409
1629
1200
1542
1200
1367
2166
1661
1661
1200
1251
1516
1409
1661
1200
2241
1516
1766
1766
1766
1766
1766
1766
1636
1661
1586
1516
1516
1200
1474
1742
1200
1747
1747
1820
1200
1661
1200
1646
1661
1200
1200
1200
1516
1200
1250
1742
1684
1993
1200
1661
1747
1742
1200
1516
1516
1409
1200
2205
1508
1200
1413
1629
2166
1577
1742
1939
2018
1159
1200
1200
1731
1610
1742
1661
1519
1200
1637
1661
1200
1470
1200
1409
1629
1398
1731
1731
1200
1200
1704
2166
1200
2205
1586
1200
1200
1200
1200
1200
1200
2205
1457
1200
1200
1661
1629
2205
1200
1200
1664
1200
1200
1664
1664
1664
1664
1416
1619
2200
1200
1831
2166
2200
1200
2200
2353
1703
1200
1345
1200
1577
1200
2166
2166
1200
1581
1526
1873
1717
1661
1200
1200
1700
1200
1200
1200
1731
1200
1200
1486
1720
2241
1614
1200
1531
1200
1731
1577
1200
1200
1731
1200
1918
1265
1676
1398
1918
1756
1374
1200
1519
1200
785
1200
1622
2166
1200
1200
1756
2166
1200
1939
2241
1200
1619
1200
1200
2166
1725
1731
1200
1619
1200
1731
1500
1410
1200
1688
1200
1621
1200
1200
1200
1731
1200
1108
1200
1200
1200
1200
1688
1869
2166
1610
1200
2241
1731
785
1633
785
785
2344
1756
1756
1756
1398
785
1614
1410
1688
1200
1200
1882
1688
1731
1939
1398
1398
785
785
2241
1731
1398
1731
1200
1398
1398
1398
1200
785
1610
1610
1688
1200
1200
916
1688
1200
2166
1787
1200
1200
1200
2132
1200
1688
1200
1437
1200
1011
1688
1669
1200
1688
1437
1688
1922
1733
1200
1610
1688
1610
1742
2344
1742
1200
1610
1600
1200
1200
1763
1688
1959
1200
1200
1831
1688
1200
2241
1731
1200
1720
1726
2241
1200
1200
1200
1200
1470
1922
2446
1895
1688
1200
1307
1307
1200
1200
2241
1688
1688
1934
1875
1875
1200
1200
1200
1200
1200
1726
1200
1200
1200
1200
1200
1688
1457
1723
1977
1977
1200
1200
1011
1200
1200
1200
1610
1733
1742
1200
1200
1688
1256
1554
1688
1715
1200
1200
1011
1200
1011
1200
1200
1145
1200
785
1688
1492
1200
1688
1610
2241
1200
1200
1200
1405
1688
1200
1200
1200
1688
1939
1200
1307
1200
1688
1437
1200
1200
1200
1688
1200
1200
1922
1922
1200
1922
1200
1325
1307
2166
1858
1200
1200
1200
1922
1688
1200
1922
1307
1922
1633
1922
1554
1235
1922
1977
1200
1688
906
1200
2172
1688
1200
1437
1688
1200
1688
1688
1200
1731
1922
1633
1474
951
1922
1633
1200
1200
1430
1633
1200
1883
1573
1474
1614
1883
1883
1200
1700
1586
1200
1600
1200
1430
1437
1200
1200
1200
1200
1963
1963
1963
1963
1200
1200
1235
1145
1437
984
1699
1437
1963
1963
1963
1963
1200
1145
1200
1100
1430
1430
1577
1742
1200
1742
1610
1200
1614
785
1200
1586
1200
1200
1430
1600
1470
1200
1200
1200
1831
1831
1430
1610
1200
1437
1200
1959
1200
1200
1200
1200
1200
1783
1552
1200
1200
1200
1430
1200
1200
1200
1430
2353
1200
1600
1430
1875
1430
1200
785
1235
1600
1200
1875
1875
1875
1614
1200
1200
1200
1325
1200
1200
1699
1200
1731
1200
1529
1529
1529
1831
1820
1200
915
915
1200
1235
2004
2310
1200
1200
1200
1700
1131
1363
2241
1430
1430
1430
1430
1200
1200
1200
1200
1200
1200
1431
1200
1200
919
868
1200
1100
1200
1529
1200
1200
1197
1572
1577
1200
2004
1200
1200
1529
1529
1818
1529
1200
1872
1200
1200
1586
1559
1200
1939
1200
1600
1200
1666
1474
1437
1200
1409
1200
1994
1872
1430
1676
1868
1700
1897
1586
1200
1200
1409
1200
1200
1235
1200
1577
1699
1200
1665
1200
1959
1725
1742
1872
1200
1200
1235
1235
1235
1200
1959
1847
1200
1200
1820
1200
1200
1200
1409
1959
1200
1959
1011
2166
1939
1939
1939
1939
1959
1200
1200
1577
1487
1742
1200
1011
1674
1674
2166
2353
1519
2353
1609
1697
1686
1200
1208
1200
1437
1715
1200
1820
1409
1745
1959
1959
1831
2166
1409
1847
2130
2130
1586
1200
1959
2166
2130
1200
1200
1882
1700
1200
1200
1548
1189
1882
1641
2130
2130
1189
1577
1959
1742
1742
1517
1882
1736
1742
1742
1746
1959
1847
1200
1200
1200
1428
1959
1200
1189
1820
1959
1200
1200
1746
1577
1200
1200
1577
1200
1875
1200
1491
1200
1766
1935
1900
1820
1661
1596
1745
1675
1875
1875
1820
1200
1288
1235
1560
1200
1200
1548
1235
1727
1742
1491
2166
1200
1491
1200
1200
1560
2166
1560
1235
1235
1235
1235
1200
1560
1200
1700
1734
1200
1565
1235
1235
1235
1235
1235
1661
1200
1200
2166
1235
1235
1235
1235
1242
1235
1235
1820
1560
1200
1710
1661
1200
1200
1200
1847
1566
2166
1959
1959
1742
1560
1152
1200
1939
1200
2166
1939
1431
1200
1939
1250
1152
1939
1939
1939
1200
1700
1200
1200
1200
2166
1959
1875
1959
1466
1400
1959
2241
1664
632
1200
2166
1591
1560
1916
1431
1431
2166
1200
1742
1736
1200
1409
1200
1200
2241
1200
1181
1462
1200
1739
2217
1560
2353
2217
1586
1200
1200
1409
2031
1586
1586
2166
1200
1661
1661
2217
2166
1661
1226
1200
2166
1736
1409
1560
1200
1200
2217
2217
1508
1200
1649
1875
1820
1558
1200
2166
2217
1330
1495
1409
1200
2217
1508
1200
1306
1413
2217
1200
1409
2217
2166
1820
1200
1746
2217
1200
1661
1661
2166
1200
1200
2217
2217
1505
1200
1200
2166
1200
1200
1200
1533
1820
1816
1200
1200
1226
1558
1200
1326
1558
1200
1875
1629
1875
1200
1200
1868
2217
1533
1200
1356
2217
1200
1294
2217
2217
1200
1145
2217
1508
1200
1661
1820
1226
1200
1200
1200
1700
2217
1869
1200
1200
1200
1700
2353
2031
1953
1294
2166
1200
1226
1875
1649
1820
1200
1508
2217
1356
1198
2217
1200
1820
1558
1558
1558
2217
1431
1409
1226
1145
1333
2238
1742
770
1875
1875
1875
1200
1200
1200
1875
2217
1200
1200
1676
1145
1200
1409
1145
1200
1200
2217
2217
1145
1742
1200
1145
1200
1200
1200
1508
1820
1736
1145
1200
1200
1820
1508
1409
1321
1145
1657
2241
1820
1200
1586
1200
2217
1145
1282
1200
1200
923
923
1700
2031
2217
1200
1200
1200
2217
1200
1200
2353
1200
1820
1508
1200
1820
1200
1508
1145
1200
1200
1200
1145
1200
1200
2446
1200
1200
1200
1736
1200
1200
2217
2217
1200
1145
1145
1820
1200
1200
1200
1152
1200
1200
1200
1242
2099
2099
1739
1200
1560
1200
1820
1145
1145
1200
2217
1242
1242
1200
1200
1200
1200
1523
1200
1200
1288
1242
1603
1609
1820
1242
1242
1312
1300
1661
1200
1145
1200
1200
1200
1431
1200
1665
1442
1661
1586
1200
1145
1661
1200
1200
1200
1200
1145
1804
1804
1804
1804
1409
1547
1145
1200
1200
1200
1200
1200
1661
1265
1200
1200
1200
1294
1200
1485
1200
1200
1200
1200
1609
1294
1607
1200
1661
1200
1485
1409
1200
1200
1200
1200
1200
1146
1146
1820
1200
1200
1340
1200
1300
1586
1861
1560
1200
1349
1200
1607
1665
1312
1560
1509
1604
1200
1200
1560
1820
1200
1743
1200
1200
1560
1200
1200
1200
1200
1200
1136
1200
1739
1200
1200
1192
1766
1661
1200
1200
1804
1609
1609
1661
1661
1661
1312
1312
1306
1661
1661
1607
1607
1804
2099
1200
1200
1560
1610
1312
1312
1224
1200
1200
1200
1200
1657
1192
1200
1676
1200
2217
2217
1200
1660
1739
2217
2217
2217
2217
1577
1200
1200
1200
1998
1455
1610
1705
1742
1818
1804
1200
1200
2217
2217
1804
1200
1200
1200
1487
1791
2217
1804
1804
1200
1200
1742
1804
2241
1804
1200
2217
1657
2217
2217
2217
1597
1200
1200
1657
1200
1200
1657
1804
1657
1200
1200
1742
1200
1200
1200
2200
1200
1200
1200
1657
1200
1265
1200
2099
2200
1200
1939
2200
2099
1200
1200
1200
1742
1200
1742
1742
1400
1200
1804
1200
1200
1200
1200
1200
1200
1200
1200
1200
1861
1200
1200
1200
1200
1200
1200
2099
1200
2200
1200
1861
1222
1200
1577
1200
1200
1200
1200
1742
1200
1200
2217
2099
1455
1200
1200
1739
2099
1200
1200
1200
2099
1200
1200
1509
1523
1200
1200
1200
1853
1200
1853
878
2200
1766
959
2217
2217
1523
1742
1742
2217
1818
1109
1200
1700
2217
2217
1200
2217
2217
1200
1200
1939
2217
1200
1697
1340
2217
2217
1200
1818
2217
2217
2217
2300
1200
2217
1577
2217
2217
2217
1818
1818
1577
1742
1460
1200
1221
1497
1221
2217
1793
2217
2217
2217
1200
2217
1200
1412
1200
2217
1742
1200
1200
2271
2217
2217
2217
2217
2217
1200
1200
1200
1200
2217
2217
2217
1200
2217
2217
2217
1200
2217
1590
1590
1590
1590
1590
1200
2217
2217
1200
2217
2217
1340
1200
2217
1739
2217
1934
1200
1200
2217
2217
1200
2217
2238
1200
2217
2217
1200
1428
1200
1404
1394
2217
2217
2217
1578
1793
1953
1742
2217
1200
1200
1428
2217
1200
1135
1742
1200
2217
1200
1200
1200
2217
2217
1200
1623
1200
1743
2217
1793
1727
1742
1597
1200
1623
1742
2217
2217
1546
1200
2217
1200
2217
1577
2217
2217
1217
1539
1539
2099
2099
2217
2217
1723
2099
1560
1742
1200
1742
1200
1217
1586
1394
1200
1200
1500
1200
1217
1217
1200
1217
1722
2217
2217
1200
2217
1572
2217
1217
1217
1545
1200
2217
2217
2217
1200
1217
2217
1200
2217
1200
1217
1200
1545
1877
1200
1217
1217
1217
1217
1412
1217
1200
1768
1217
1217
1509
2217
1200
1731
1742
2217
2217
1200
2231
1723
2217
1742
2217
1200
1586
1178
2217
2217
1200
2217
1265
1200
1200
2217
1934
1633
2217
2217
1730
1217
1200
1722
1722
2217
2217
2217
2217
1217
1200
1200
2217
1868
1742
2217
1394
1200
2217
1217
1217
1217
1217
1722
1899
1572
2217
1200
1586
1200
1200
1412
1560
948
2231
2217
1200
1785
1200
1742
1238
1200
2217
1875
1903
1200
1200
1200
1586
1200
1218
1200
1200
1738
1401
1739
1623
1200
1953
1200
1222
2217
1741
2217
2099
1200
1723
2217
1637
2217
1200
1310
1741
2217
1741
1487
2217
1764
1649
2217
1200
1200
1200
1394
1200
2217
2217
2217
1200
1718
1575
2217
1729
1200
2217
1718
1633
1200
1686
2217
1836
2217
1700
1200
1560
2217
2217
1739
1610
1221
2217
1200
1200
1200
1718
1310
1200
1623
1210
1742
1200
1200
1210
1288
1200
1221
1310
2200
1545
1586
1200
1310
2217
1265
1366
1623
2217
2217
1310
1200
1619
1200
1200
1994
2217
2217
1200
2217
2217
1793
2217
1623
1623
2231
1623
1200
2217
1200
1310
1115
1741
1742
1200
1200
1709
1200
1200
1200
1586
1742
1200
1718
1210
1431
1718
1951
1200
1851
1851
1718
1200
1718
1742
1200
1392
1746
1200
1718
1746
1742
1742
1200
1200
1200
1200
1200
1200
1200
1552
1200
1210
1586
1200
1222
1406
1200
1210
1210
1742
1210
1718
1210
1200
1200
1534
1586
1722
1200
1487
1791
1200
1200
1392
1552
1200
1200
1200
1200
1200
1200
1586
1200
1200
1200
1734
1623
1586
1577
1391
1531
1860
1200
1200
1200
1734
1200
1545
1222
1200
1200
1200
1200
1200
1586
1545
1621
1200
1200
1200
1200
1545
1847
1623
1200
1200
1200
1623
1623
1200
1742
1742
1746
1702
1200
1200
1742
1200
1394
1200
1391
1749
1742
1200
1200
1560
1200
1200
1934
1200
1200
1586
1649
1265
1200
1200
1200
1200
1200
1586
1200
1200
2574
1200
1200
1200
1665
1200
1288
1649
1200
1200
1300
1742
1545
1200
1296
1200
1742
1200
1200
1200
1200
1508
1560
2241
1649
1400
1200
1200
1545
1200
2241
1560
1200
1649
1200
1200
1200
1404
1200
1586
1200
1404
1404
1586
1200
1200
1499
1499
2029
1508
1742
1640
1495
1200
1586
1586
1200
1200
1200
1200
1200
1619
1495
1560
1560
1200
2213
1200
1200
1588
1705
1200
1265
1200
2099
1200
1722
1200
1200
2099
1742
1490
1200
1200
1400
1868
1200
1200
1953
2075
1633
1869
1200
1200
1400
1200
1200
1400
1200
1640
1860
1860
1200
1200
1715
1200
1508
1860
1484
1484
1669
1200
1200
1633
1176
1200
1394
1640
2238
1200
1640
1176
1640
1508
1700
1566
1200
1860
1508
1484
1627
1508
1621
1621
1200
1200
1200
1200
1200
1742
1984
1200
1200
1200
1508
1508
1877
1200
1200
1200
1200
1206
1566
1764
1633
1633
1633
1176
1508
1431
1663
1508
1176
1633
1282
1804
1951
1800
1200
1408
2082
1176
1707
1200
1200
955
1633
1200
1739
1200
1176
1742
1200
1442
1200
1200
1296
1869
1200
1200
1200
2161
1633
1200
1863
1200
1206
1524
1910
1408
1200
1994
955
1200
1188
1816
1633
1200
1754
1910
1524
1545
1545
2116
1707
1200
2022
1405
1288
1200
1200
1545
1176
1200
1200
1432
1742
1200
1284
1408
1408
1200
1666
1742
1408
1742
1200
1200
1908
1742
1764
1200
1200
1200
1742
1742
1200
1200
2000
1880
1200
1200
1200
1200
1200
2119
2022
1200
1707
1908
1707
1545
1200
1200
1742
1200
1742
1200
1200
1200
1176
1584
1578
1583
1200
1583
1200
1200
1200
1406
1545
1176
1994
1200
1200
1646
1176
1200
1200
1666
1953
1545
1742
1994
1200
1200
1100
1371
1200
1233
1200
1953
1200
1200
1200
1994
1665
1604
1604
1200
1604
1200
1200
1742
1200
2029
1285
1200
1577
1200
1200
1200
1742
1742
1742
1405
1200
1200
1200
1415
1200
1176
1200
1300
1545
1545
1176
1176
1200
1472
1615
1529
1716
1200
1176
1577
1200
1200
1869
2029
1905
1200
1200
1200
1577
1200
1742
2029
1200
2029
1200
2029
1176
1539
1666
1200
1200
2029
1877
1200
1200
1200
1200
1905
1742
1176
1415
1578
1187
1200
1984
1176
1200
1233
1534
1953
1577
1905
1693
1200
1742
1905
1934
1200
1919
1200
1200
1200
2334
1200
1200
1200
1869
1200
1200
1680
1599
1627
1905
1905
1905
1742
1200
1286
1825
1908
1627
1200
1627
1200
1200
1839
1200
1200
1690
1200
1200
1200
1410
1221
1200
1200
1200
1200
1200
1908
1200
1908
1200
1200
1200
1200
1200
1908
1734
1080
1702
1200
1200
1820
1932
1555
1200
1200
1200
1200
1431
1793
1752
1200
2002
1676
1742
1664
1534
1932
1200
1200
1200
1200
2241
1200
1200
1968
1423
1964
1200
1200
1645
1565
1565
1296
1686
1200
1149
1932
1742
1723
1200
1932
1200
2002
2200
1200
1742
1200
1665
2241
1176
1176
1200
1200
1932
1258
1964
1200
1200
1578
1742
1200
1200
1200
1847
1282
1968
1768
1768
2200
1968
2200
1200
1697
1200
1200
1490
2200
1200
1200
1200
1200
2241
1932
1200
1200
1200
1734
1555
2063
1200
1200
1200
1200
1200
2063
1161
1200
1200
1745
1818
1200
2200
1645
2200
1200
1853
2241
1782
1524
1200
1200
2200
2200
2200
2200
1200
2200
2200
1665
1200
2241
1565
1200
2200
1200
2200
1176
1200
1200
1968
2200
1689
2200
2200
1200
2200
1200
1365
2200
1548
2200
2200
2200
1200
2200
2200
2200
2241
2200
1558
1200
1200
1968
2200
2200
1200
1548
1200
1200
1964
1187
1534
2200
1200
1766
2200
2200
2200
2200
1200
1200
1200
1200
1200
2200
1492
1200
2241
1200
2200
2200
1459
1818
2200
1841
1964
1200
1200
1560
1841
1964
2241
1200
1296
1964
1200
1910
1964
1964
1200
1964
932
1786
1786
2200
1200
1877
1910
1200
1200
1200
1200
1879
1200
1200
1984
1910
1176
1400
1802
1210
1210
1210
1210
1210
1210
1210
2241
1726
1200
1984
1200
1200
1713
1210
1200
1713
1693
1200
1200
1492
2241
1723
1200
1200
1200
1200
1200
1200
1200
1200
1200
1400
1309
1309
1711
2181
2181
1200
1200
2200
1430
1723
1200
1200
1200
1176
1430
1505
1711
1200
1200
1200
1200
1524
1200
1766
1200
1249
1200
1906
1176
1176
1886
1524
1176
1176
1200
1524
1200
1724
1200
1200
2241
1200
1665
1200
1524
1665
1524
1524
1430
1891
1726
1879
1366
1200
1681
1449
1200
1444
1200
1200
1200
1388
1200
2161
1492
1176
1200
1670
1670
1350
1350
1200
1820
1200
1200
1200
1200
1200
1200
1200
1200
1430
1724
1200
1200
1200
1713
1200
1200
1713
1200
1176
1200
1693
1879
1200
1388
1715
1200
1200
1200
1200
1534
1534
1534
1388
1200
1578
1200
1200
1200
1200
1998
2241
1200
1200
1459
2241
2241
2241
1200
1200
2241
1666
1200
1200
1200
1937
1200
1200
1200
1200
1200
1200
1200
1200
2200
1937
1820
1666
1841
1200
1200
1217
1431
1430
1469
1459
1868
1200
1621
1200
1621
1200
1095
1200
1431
1431
932
1200
1200
1200
2200
1200
1200
1200
1200
1449
1200
1449
2213
1459
1200
1621
1200
2241
1095
2241
2241
1200
1431
1880
1200
1703
2241
1200
2241
1749
1749
1200
1200
1200
1200
1200
1200
1200
1200
1200
1200
1200
1200
1621
1578
1248
1372
1200
1621
1000
1880
1248
1621
1621
2161
1621
1431
2241
2241
1200
1200
1200
2238
1200
1697
1560
1000
1431
1200
1879
1621
1621
1621
1621
1937
1621
1621
1621
1621
1621
1621
1621
1621
1200
1200
1200
1703
1200
1200
1768
1766
1200
1388
1200
2034
1000
1724
1659
2200
1225
2130
1200
1200
1054
1891
1200
2250
1000
1000
1225
1621
1621
1200
1200
1505
1200
1603
1200
1200
1200
1225
1200
1200
1666
1868
1868
1879
1612
1937
1879
1200
1200
1431
1200
1200
1856
1818
1200
1200
1460
1200
1200
1200
2152
1460
1200
1560
2241
1431
1200
1200
1200
1200
1200
1560
1560
2034
1879
1798
1752
1818
1868
1431
1444
1868
1560
1200
1879
1200
1879
1200
1332
1603
1200
1392
1221
1444
1200
1200
1200
1200
1766
1200
1200
1768
1200
1200
1200
1798
1200
1200
1200
1560
1724
2161
1200
1629
1462
1200
1782
1200
1934
1200
1455
1560
1560
1200
1200
1739
1200
1603
1200
2241
2241
1200
1200
1200
1560
1603
1200
1200
1200
1665
1200
1200
1200
1200
1431
1200
1766
1200
1200
1766
1200
1200
1200
1782
1200
1200
1820
1095
1303
1782
1200
1200
1200
1090
1611
1200
1752
1200
2152
1725
1200
1200
1200
1200
1665
1431
1431
1431
1611
1666
1947
1200
1200
1722
1686
1200
1200
1387
2161
1771
1392
1755
1686
1686
1200
1387
1200
1200
2152
1868
1200
1200
1323
1200
1200
2152
2152
1455
1686
1200
1200
1200
1841
1841
1200
1200
1200
1200
1349
1686
1841
1200
1200
1200
1200
1200
1469
1200
1392
1984
1200
1677
1200
1200
1200
1200
1852
1200
1200
1786
1392
866
866
1200
1200
1469
1469
1200
1200
1905
1200
1841
1841
1841
1200
1677
1710
1200
1200
1200
1200
1841
1200
1200
1841
1938
1200
1200
1200
866
1200
1200
1666
1200
1200
1279
1469
1200
1200
1200
1200
1956
1200
1200
1200
1200
1200
1200
1200
1200
1879
1879
1455
1200
1200
1200
1868
1931
1841
1200
1679
1679
1200
1200
1299
1200
1583
1200
1200
1200
1530
1200
1200
1200
1200
1200
2200
1200
1200
1200
1666
1200
1200
2200
1200
1710
936
1221
1200
1200
1200
1200
2034
1460
1200
1782
1200
1200
1200
1706
1200
1200
1972
1841
1200
2161
936
1392
1200
1841
1200
1200
1200
1200
2213
1200
1200
1200
1200
1200
1200
1200
1299
1299
2200
1200
1841
1200
1200
1841
1200
1200
1900
1841
1200
1200
1200
1200
1200
1200
1200
1200
936
936
1200
1200
1200
1990
1990
1200
1299
2213
1200
1200
1200
1200
1200
1200
1200
1572
1200
1572
1200
1200
1200
1200
1200
1200
1200
1200
1200
1200
1200
1200
1841
1841
1820
1841
1323
1530
1200
1533
1233
2200
2200
1200
1200
1200
1200
1200
1200
2077
1200
1200
1200
1200
1530
1847
1200
1200
1710
1200
1400
1200
1200
1469
1200
1200
1530
1200
1200
1200
1200
1200
1200
1572
1868
1200
1200
1200
1200
1259
1433
1431
1200
1649
1424
1200
1820
1200
1200
1200
1223
1584
1584
1584
1300
1200
1200
2077
1399
1200
1953
1200
1200
1200
1392
1399
1200
1682
1984
1200
1200
1716
1200
2136
1666
1584
1200
1200
1200
1584
1200
1766
1200
1984
1200
1766
2077
2077
1200
1200
1200
1766
1766
1572
1200
1200
1493
1200
1431
1200
1200
1918
1200
1300
1200
1766
1766
1200
1200
1200
1782
1200
1200
1200
1798
1766
1431
1431
1749
1200
1868
1200
1200
1200
1166
1200
1200
1200
1200
1200
1166
1200
1223
1200
1200
1200
1200
1200
1200
1200
1200
1578
1200
1619
1200
1953
1200
1820
1584
1752
1584
1200
1656
1200
1200
1200
1200
1200
1584
1200
1200
1752
1200
1200
1200
1200
1200
1930
1200
1459
1200
1200
1996
1666
1065
1938
1938
1219
1200
1200
1200
2333
1200
1459
1219
1219
1938
1200
1905
1200
1200
1300
1200
1200
1200
1768
1953
1200
1200
1633
1219
1219
1200
1200
1715
1200
1200
1221
1200
1200
1200
1200
1431
1200
1233
1233
1233
1233
1233
1459
1717
1439
1200
1905
1200
1431
1200
1200
1739
1200
1200
1200
1200
1200
1200
1200
1200
1200
1437
1200
1200
1752
1200
1578
1739
1200
1370
1200
1200
1200
1370
1908
1908
1200
1752
1353
1200
1370
1752
1666
1200
1200
1953
1549
1200
1200
1200
2116
1704
1459
1200
1353
1197
1200
1300
1300
1200
1200
1200
1459
1545
1200
1489
1200
1200
1300
1200
1200
1410
1300
1200
1200
1845
1619
1953
1300
1410
1431
1200
1410
1410
1200
1200
1200
1200
1141
1300
1200
1300
1200
1200
1619
1496
1300
1200
1611
1200
1798
1879
1387
1428
1200
1141
1879
1200
1353
1200
1200
1300
1200
1611
1200
1200
1707
1200
1200
1431
1200
1619
1200
1200
1200
1200
1200
1200
1200
1200
1200
1200
1200
1707
2058
1200
1200
1200
1200
1200
1431
1200
1200
1200
1200
1707
1200
1200
1200
1707
1707
1200
1707
1171
1200
1200
1200
1200
1200
1611
1431
1200
1431
1200
1200
1200
1197
1200
1200
1200
1200
783
1666
1200
783
1200
1200
783
1200
1200
1200
1200
1496
1715
1489
1908
1715
1200
1258
1200
1200
1810
1200
1431
1431
1200
1200
1200
1200
1200
1200
1200
1200
1200
1200
1879
1200
1802
1749
1258
1200
1200
1200
1200
1200
1200
1200
1200
1611
1431
1431
1200
1533
1200
1984
1428
1200
1200
1400
1200
1200
1400
1496
1431
1431
1431
1349
1611
1200
1431
1431
1200
1200
1200
1200
1956
1611
1200
1956
1200
1200
1200
1200
1996
1953
1533
1200
1496
1200
1200
1611
1200
1561
1200
1531
1200
1200
1561
1956
1200
1200
1200
1200
1686
1686
1200
1200
1192
1192
1956
1956
1947
1904
1200
1200
1192
1192
1200
1200
1200
1200
1200
1200
1200
1192
1192
1200
1200
1200
1200
1200
1200
1908
1908
1200
1996
1200
1200
1563
2034
1200
1200
1489
1686
1407
1197
1200
